!! 
!! 
!!number of beams (1), number of cross-section properties (2).
1 1 
!! 
!! 
!!1st beam: number of nodes (1), number of elements (2). 
61 60 
!! 
!! 
!!1st beam: nodal phi (1, 2, 3), nodal d1 (4, 5, 6), nodal d2 (7, 8, 9), nodal d3 (10, 11, 12). 
  2.500000   4.330127   0.000000   0.500000   0.866025   0.000000   0.000000   0.000000   1.000000   0.866025  -0.500000   0.000000 
  2.424048   4.373099   0.000000   0.484810   0.874620   0.000000   0.000000   0.000000   1.000000   0.874620  -0.484810   0.000000 
  2.347358   4.414738   0.000000   0.469472   0.882948   0.000000   0.000000   0.000000   1.000000   0.882948  -0.469472   0.000000 
  2.269952   4.455033   0.000000   0.453990   0.891007   0.000000   0.000000   0.000000   1.000000   0.891007  -0.453990   0.000000 
  2.191856   4.493970   0.000000   0.438371   0.898794   0.000000   0.000000   0.000000   1.000000   0.898794  -0.438371   0.000000 
  2.113091   4.531539   0.000000   0.422618   0.906308   0.000000   0.000000   0.000000   1.000000   0.906308  -0.422618   0.000000 
  2.033683   4.567727   0.000000   0.406737   0.913545   0.000000   0.000000   0.000000   1.000000   0.913545  -0.406737   0.000000 
  1.953656   4.602524   0.000000   0.390731   0.920505   0.000000   0.000000   0.000000   1.000000   0.920505  -0.390731   0.000000 
  1.873033   4.635919   0.000000   0.374607   0.927184   0.000000   0.000000   0.000000   1.000000   0.927184  -0.374607   0.000000 
  1.791840   4.667902   0.000000   0.358368   0.933580   0.000000   0.000000   0.000000   1.000000   0.933580  -0.358368   0.000000 
  1.710101   4.698463   0.000000   0.342020   0.939693   0.000000   0.000000   0.000000   1.000000   0.939693  -0.342020   0.000000 
  1.627841   4.727593   0.000000   0.325568   0.945519   0.000000   0.000000   0.000000   1.000000   0.945519  -0.325568   0.000000 
  1.545085   4.755283   0.000000   0.309017   0.951057   0.000000   0.000000   0.000000   1.000000   0.951057  -0.309017   0.000000 
  1.461859   4.781524   0.000000   0.292372   0.956305   0.000000   0.000000   0.000000   1.000000   0.956305  -0.292372   0.000000 
  1.378187   4.806308   0.000000   0.275637   0.961262   0.000000   0.000000   0.000000   1.000000   0.961262  -0.275637   0.000000 
  1.294095   4.829629   0.000000   0.258819   0.965926   0.000000   0.000000   0.000000   1.000000   0.965926  -0.258819   0.000000 
  1.209609   4.851479   0.000000   0.241922   0.970296   0.000000   0.000000   0.000000   1.000000   0.970296  -0.241922   0.000000 
  1.124755   4.871850   0.000000   0.224951   0.974370   0.000000   0.000000   0.000000   1.000000   0.974370  -0.224951   0.000000 
  1.039558   4.890738   0.000000   0.207912   0.978148   0.000000   0.000000   0.000000   1.000000   0.978148  -0.207912   0.000000 
  0.954045   4.908136   0.000000   0.190809   0.981627   0.000000   0.000000   0.000000   1.000000   0.981627  -0.190809   0.000000 
  0.868241   4.924039   0.000000   0.173648   0.984808   0.000000   0.000000   0.000000   1.000000   0.984808  -0.173648   0.000000 
  0.782172   4.938442   0.000000   0.156434   0.987688   0.000000   0.000000   0.000000   1.000000   0.987688  -0.156434   0.000000 
  0.695866   4.951340   0.000000   0.139173   0.990268   0.000000   0.000000   0.000000   1.000000   0.990268  -0.139173   0.000000 
  0.609347   4.962731   0.000000   0.121869   0.992546   0.000000   0.000000   0.000000   1.000000   0.992546  -0.121869   0.000000 
  0.522642   4.972609   0.000000   0.104528   0.994522   0.000000   0.000000   0.000000   1.000000   0.994522  -0.104528   0.000000 
  0.435779   4.980973   0.000000   0.087156   0.996195   0.000000   0.000000   0.000000   1.000000   0.996195  -0.087156   0.000000 
  0.348782   4.987820   0.000000   0.069756   0.997564   0.000000   0.000000   0.000000   1.000000   0.997564  -0.069756   0.000000 
  0.261680   4.993148   0.000000   0.052336   0.998630   0.000000   0.000000   0.000000   1.000000   0.998630  -0.052336   0.000000 
  0.174497   4.996954   0.000000   0.034899   0.999391   0.000000   0.000000   0.000000   1.000000   0.999391  -0.034899   0.000000 
  0.087262   4.999238   0.000000   0.017452   0.999848   0.000000   0.000000   0.000000   1.000000   0.999848  -0.017452   0.000000 
  0.000000   5.000000   0.000000   0.000000   1.000000   0.000000   0.000000   0.000000   1.000000   1.000000  -0.000000   0.000000 
 -0.087262   4.999238   0.000000  -0.017452   0.999848   0.000000   0.000000   0.000000   1.000000   0.999848   0.017452  -0.000000 
 -0.174497   4.996954   0.000000  -0.034899   0.999391   0.000000   0.000000   0.000000   1.000000   0.999391   0.034899  -0.000000 
 -0.261680   4.993148   0.000000  -0.052336   0.998630   0.000000   0.000000   0.000000   1.000000   0.998630   0.052336  -0.000000 
 -0.348782   4.987820   0.000000  -0.069756   0.997564   0.000000   0.000000   0.000000   1.000000   0.997564   0.069756  -0.000000 
 -0.435779   4.980973   0.000000  -0.087156   0.996195   0.000000   0.000000   0.000000   1.000000   0.996195   0.087156  -0.000000 
 -0.522642   4.972609   0.000000  -0.104528   0.994522   0.000000   0.000000   0.000000   1.000000   0.994522   0.104528  -0.000000 
 -0.609347   4.962731   0.000000  -0.121869   0.992546   0.000000   0.000000   0.000000   1.000000   0.992546   0.121869  -0.000000 
 -0.695866   4.951340   0.000000  -0.139173   0.990268   0.000000   0.000000   0.000000   1.000000   0.990268   0.139173  -0.000000 
 -0.782172   4.938442   0.000000  -0.156434   0.987688   0.000000   0.000000   0.000000   1.000000   0.987688   0.156434  -0.000000 
 -0.868241   4.924039   0.000000  -0.173648   0.984808   0.000000   0.000000   0.000000   1.000000   0.984808   0.173648  -0.000000 
 -0.954045   4.908136   0.000000  -0.190809   0.981627   0.000000   0.000000   0.000000   1.000000   0.981627   0.190809  -0.000000 
 -1.039558   4.890738   0.000000  -0.207912   0.978148   0.000000   0.000000   0.000000   1.000000   0.978148   0.207912  -0.000000 
 -1.124755   4.871850   0.000000  -0.224951   0.974370   0.000000   0.000000   0.000000   1.000000   0.974370   0.224951  -0.000000 
 -1.209609   4.851479   0.000000  -0.241922   0.970296   0.000000   0.000000   0.000000   1.000000   0.970296   0.241922  -0.000000 
 -1.294095   4.829629   0.000000  -0.258819   0.965926   0.000000   0.000000   0.000000   1.000000   0.965926   0.258819  -0.000000 
 -1.378187   4.806308   0.000000  -0.275637   0.961262   0.000000   0.000000   0.000000   1.000000   0.961262   0.275637  -0.000000 
 -1.461859   4.781524   0.000000  -0.292372   0.956305   0.000000   0.000000   0.000000   1.000000   0.956305   0.292372  -0.000000 
 -1.545085   4.755283   0.000000  -0.309017   0.951057   0.000000   0.000000   0.000000   1.000000   0.951057   0.309017  -0.000000 
 -1.627841   4.727593   0.000000  -0.325568   0.945519   0.000000   0.000000   0.000000   1.000000   0.945519   0.325568  -0.000000 
 -1.710101   4.698463   0.000000  -0.342020   0.939693   0.000000   0.000000   0.000000   1.000000   0.939693   0.342020  -0.000000 
 -1.791840   4.667902   0.000000  -0.358368   0.933580   0.000000   0.000000   0.000000   1.000000   0.933580   0.358368  -0.000000 
 -1.873033   4.635919   0.000000  -0.374607   0.927184   0.000000   0.000000   0.000000   1.000000   0.927184   0.374607  -0.000000 
 -1.953656   4.602524   0.000000  -0.390731   0.920505   0.000000   0.000000   0.000000   1.000000   0.920505   0.390731  -0.000000 
 -2.033683   4.567727   0.000000  -0.406737   0.913545   0.000000   0.000000   0.000000   1.000000   0.913545   0.406737  -0.000000 
 -2.113091   4.531539   0.000000  -0.422618   0.906308   0.000000   0.000000   0.000000   1.000000   0.906308   0.422618  -0.000000 
 -2.191856   4.493970   0.000000  -0.438371   0.898794   0.000000   0.000000   0.000000   1.000000   0.898794   0.438371  -0.000000 
 -2.269952   4.455033   0.000000  -0.453990   0.891007   0.000000   0.000000   0.000000   1.000000   0.891007   0.453990  -0.000000 
 -2.347358   4.414738   0.000000  -0.469472   0.882948   0.000000   0.000000   0.000000   1.000000   0.882948   0.469472  -0.000000 
 -2.424048   4.373099   0.000000  -0.484810   0.874620   0.000000   0.000000   0.000000   1.000000   0.874620   0.484810  -0.000000 
 -2.500000   4.330127   0.000000  -0.500000   0.866025   0.000000   0.000000   0.000000   1.000000   0.866025   0.500000  -0.000000 
!! 
!! 
!!1st beam: connectivities (1, 2), cross-section property (3). 
1 2 1 
2 3 1 
3 4 1 
4 5 1 
5 6 1 
6 7 1 
7 8 1 
8 9 1 
9 10 1 
10 11 1 
11 12 1 
12 13 1 
13 14 1 
14 15 1 
15 16 1 
16 17 1 
17 18 1 
18 19 1 
19 20 1 
20 21 1 
21 22 1 
22 23 1 
23 24 1 
24 25 1 
25 26 1 
26 27 1 
27 28 1 
28 29 1 
29 30 1 
30 31 1 
31 32 1 
32 33 1 
33 34 1 
34 35 1 
35 36 1 
36 37 1 
37 38 1 
38 39 1 
39 40 1 
40 41 1 
41 42 1 
42 43 1 
43 44 1 
44 45 1 
45 46 1 
46 47 1 
47 48 1 
48 49 1 
49 50 1 
50 51 1 
51 52 1 
52 53 1 
53 54 1 
54 55 1 
55 56 1 
56 57 1 
57 58 1 
58 59 1 
59 60 1 
60 61 1 
!! 
!! 
!!cross-section property #1: row 1: EA, GA1, GA2, EI1, EI2, GIP, ES1, ES2, GS1, GS2, ES12; row 2: rhoA, rhoI1, rhoI2, rhoS1, rhoS2, rhoS12; row 3: alpha_s alpha_v
8.4000000000e+09	3.2000000000e+09	3.2000000000e+09	2.8000000000e+07	2.8000000000e+07	2.1333000000e+07	0.0000000000e+00	0.0000000000e+00	0.0000000000e+00	0.0000000000e+00	0.0000000000e+00
3.1400000000e+02	1.0467000000e+00	1.0467000000e+00	0.0000000000e+00	0.0000000000e+00	0.0000000000e+00
0.0000000000e+00	0.0000000000e+00