!! beam input written by automatic Wind Energy Converter generator
!!
!!number of beams (1), number of cross-section properties (2).
4 154
!!
!!
!!beam #1: number of nodes (1), number of elements (2).
11 10
!!
!!
!!beam #1: nodal phi (1, 2, 3), nodal d1 (4, 5, 6), nodal d2 (7, 8, 9), nodal d3 (10, 11, 12). 
0.000000	0.000000	0.000000	1.000000	0.000000	0.000000	0.000000	1.000000	0.000000	0.000000	0.000000	1.000000	
0.000000	0.000000	8.760000	1.000000	0.000000	0.000000	0.000000	1.000000	0.000000	0.000000	0.000000	1.000000	
0.000000	0.000000	17.520000	1.000000	0.000000	0.000000	0.000000	1.000000	0.000000	0.000000	0.000000	1.000000	
0.000000	0.000000	26.280000	1.000000	0.000000	0.000000	0.000000	1.000000	0.000000	0.000000	0.000000	1.000000	
0.000000	0.000000	35.040000	1.000000	0.000000	0.000000	0.000000	1.000000	0.000000	0.000000	0.000000	1.000000	
0.000000	0.000000	43.800000	1.000000	0.000000	0.000000	0.000000	1.000000	0.000000	0.000000	0.000000	1.000000	
0.000000	0.000000	52.560000	1.000000	0.000000	0.000000	0.000000	1.000000	0.000000	0.000000	0.000000	1.000000	
0.000000	0.000000	61.320000	1.000000	0.000000	0.000000	0.000000	1.000000	0.000000	0.000000	0.000000	1.000000	
0.000000	0.000000	70.080000	1.000000	0.000000	0.000000	0.000000	1.000000	0.000000	0.000000	0.000000	1.000000	
0.000000	0.000000	78.840000	1.000000	0.000000	0.000000	0.000000	1.000000	0.000000	0.000000	0.000000	1.000000	
0.000000	0.000000	87.600000	1.000000	0.000000	0.000000	0.000000	1.000000	0.000000	0.000000	0.000000	1.000000	
!!
!!
!!beam #1: connectivities (1, 2), cross-section property (3).
1	2	1
2	3	2
3	4	3
4	5	4
5	6	5
6	7	6
7	8	7
8	9	8
9	10	9
10	11	10
!!
!!
!!beam #2: number of nodes (1), number of elements (2).
49 48
!!
!!
!!beam #2: nodal phi (1, 2, 3), nodal d1 (4, 5, 6), nodal d2 (7, 8, 9), nodal d3 (10, 11, 12). 
-4.953632	0.000165	91.061131	0.972221	-0.230186	-0.042448	0.229967	0.973147	-0.010041	0.043619	0.000000	0.999048	
-4.944908	0.000165	91.260940	0.972221	-0.230186	-0.042448	0.230919	0.972884	0.013194	0.038260	-0.022629	0.999012	
-4.906638	0.022470	92.260222	0.972221	-0.230186	-0.042448	0.228729	0.972804	-0.036532	0.049703	0.025809	0.998431	
-4.856917	0.003348	93.259004	0.972221	-0.230186	-0.042448	0.228039	0.972369	-0.049972	0.052778	0.038904	0.997848	
-4.804097	0.042283	94.257650	0.972221	-0.230186	-0.042448	0.229264	0.973030	-0.025503	0.047174	0.015063	0.998773	
-4.756918	0.057348	95.256543	0.972221	-0.230186	-0.042448	0.229700	0.973129	-0.016045	0.045001	0.005849	0.998970	
-4.711916	0.063196	96.255531	0.972221	-0.230186	-0.042448	0.229415	0.973074	-0.022267	0.046431	0.011910	0.998851	
-4.665482	0.075107	97.254456	0.972221	-0.230186	-0.042448	0.229666	0.973125	-0.016794	0.045173	0.006578	0.998958	
-4.620308	0.081686	98.253437	0.972221	-0.230186	-0.042448	0.229154	0.972993	-0.027819	0.047705	0.017319	0.998711	
-4.572595	0.099008	99.252306	0.972221	-0.230186	-0.042448	0.229708	0.973130	-0.015875	0.044962	0.005683	0.998973	
-4.527633	0.104691	100.251296	0.972221	-0.230186	-0.042448	0.227462	0.971898	-0.060624	0.055210	0.049285	0.997258	
-4.472352	0.154039	101.249835	0.972242	-0.230186	-0.041956	0.226738	0.971149	-0.073889	0.057753	0.062325	0.996384	
-4.414480	0.216492	102.248261	0.972804	-0.228028	-0.040684	0.223433	0.970105	-0.094733	0.061070	0.083067	0.994671	
-4.353189	0.299860	103.246537	0.974181	-0.222364	-0.039051	0.222302	0.974960	-0.005983	0.039404	-0.002853	0.999219	
-4.313784	0.297007	104.245770	0.976638	-0.211187	-0.039718	0.212406	0.976739	0.029420	0.032581	-0.037169	0.998778	
-4.281179	0.259810	105.245299	0.978874	-0.200411	-0.040522	0.200457	0.979698	-0.002957	0.040292	-0.005228	0.999174	
-4.240886	0.254582	106.244492	0.980505	-0.192042	-0.041587	0.192248	0.981346	0.000958	0.040627	-0.008934	0.999134	
-4.200257	0.245647	107.243671	0.981427	-0.187244	-0.041717	0.187452	0.982273	0.001090	0.040774	-0.008889	0.999129	
-4.118706	0.227868	109.242016	0.983203	-0.177634	-0.041931	0.178040	0.984004	0.006108	0.040175	-0.013471	0.999102	
-4.038349	0.200923	111.240413	0.984890	-0.168008	-0.042023	0.167943	0.985784	-0.005086	0.042280	-0.002049	0.999104	
-3.953789	0.196826	113.238626	0.986488	-0.158330	-0.042099	0.158310	0.987382	-0.003849	0.042177	-0.002867	0.999106	
-3.869434	0.191091	115.236849	0.988021	-0.148396	-0.042349	0.149148	0.988699	0.015153	0.039622	-0.021288	0.998988	
-3.790171	0.148505	117.235293	0.989525	-0.137998	-0.042381	0.137775	0.990430	-0.008148	0.043099	0.002224	0.999068	
-3.703972	0.152953	119.233435	0.990934	-0.127428	-0.042559	0.127765	0.991790	0.005280	0.041537	-0.010670	0.999080	
-3.620894	0.131612	121.231713	0.992233	-0.116861	-0.042637	0.116737	0.993148	-0.005399	0.042976	0.000379	0.999076	
-3.534942	0.132371	123.229866	0.993381	-0.106646	-0.042666	0.106389	0.994290	-0.008255	0.043303	0.003661	0.999055	
-3.448337	0.139693	125.227990	0.994402	-0.096645	-0.042716	0.096571	0.995319	-0.003787	0.042882	-0.000359	0.999080	
-3.362573	0.138975	127.226151	0.995323	-0.086651	-0.042703	0.086314	0.996221	-0.009690	0.043382	0.005959	0.999041	
-3.275808	0.150894	129.224268	0.996140	-0.076736	-0.042630	0.076170	0.996986	-0.014752	0.043633	0.011447	0.998982	
-3.188536	0.173790	131.222363	0.996859	-0.066866	-0.042431	0.065161	0.997058	-0.040370	0.045006	0.037478	0.998283	
-3.098461	0.248799	133.220335	0.997403	-0.058122	-0.042543	0.057831	0.998294	-0.008026	0.042937	0.005545	0.999062	
-3.012587	0.259889	135.218491	0.997811	-0.050419	-0.042803	0.051106	0.998579	0.015125	0.041980	-0.017280	0.998969	
-2.928615	0.225325	137.216731	0.998128	-0.043672	-0.042809	0.043579	0.999045	-0.003106	0.042903	0.001235	0.999078	
-2.842808	0.227795	139.214889	0.998397	-0.036923	-0.042896	0.037357	0.999258	0.009356	0.042519	-0.010944	0.999036	
-2.757765	0.205906	141.213082	0.998625	-0.030190	-0.042867	0.029933	0.999530	-0.006619	0.043046	0.005327	0.999059	
-2.671670	0.216561	143.211228	0.998808	-0.023420	-0.042837	0.023157	0.999710	-0.006624	0.042979	0.005624	0.999060	
-2.585710	0.227808	145.209380	0.998944	-0.016650	-0.042831	0.016488	0.999856	-0.004122	0.042894	0.003411	0.999074	
-2.542816	0.231220	146.208460	0.998981	-0.013264	-0.043135	0.016774	0.996488	0.082043	0.041895	-0.082683	0.995695	
-2.500777	0.148253	147.207578	0.999018	-0.010018	-0.043162	0.009784	0.999936	-0.005631	0.043216	0.005204	0.999052	
-2.457561	0.153456	148.206643	0.999043	-0.007051	-0.043162	0.007013	0.999975	-0.001027	0.043168	0.000723	0.999068	
-2.435977	0.153818	148.706177	0.999042	-0.005568	-0.043401	0.010620	0.993067	0.117070	0.042448	-0.117419	0.992175	
-2.414605	0.094699	149.205721	0.999044	-0.004416	-0.043503	0.004805	0.999949	0.008839	0.043461	-0.009039	0.999014	
-2.392873	0.090179	149.705248	0.999046	-0.003770	-0.043506	0.004164	0.999951	0.008967	0.043470	-0.009139	0.999013	
-2.371137	0.085610	150.204775	0.999048	-0.003107	-0.043513	0.003561	0.999940	0.010374	0.043478	-0.010519	0.998999	
-2.349397	0.080350	150.704303	0.999049	-0.002443	-0.043523	0.003258	0.999821	0.018652	0.043469	-0.018776	0.998878	
-2.327659	0.070960	151.203830	0.999050	-0.001763	-0.043546	0.003215	0.999440	0.033313	0.043462	-0.033421	0.998496	
-2.305915	0.054240	151.703357	0.999051	-0.001082	-0.043546	0.001113	0.999999	0.000692	0.043545	-0.000740	0.999051	
-2.284143	0.053870	152.202883	0.999051	-0.000401	-0.043550	0.000700	0.999976	0.006842	0.043546	-0.006866	0.999028	
-2.271079	0.051810	152.502598	0.999048	0.000000	-0.043619	0.000000	1.000000	0.000000	0.043619	0.000000	0.999048	
!!
!!
!!beam #2: connectivities (1, 2), cross-section property (3).
1	2	11
2	3	12
3	4	13
4	5	14
5	6	15
6	7	16
7	8	17
8	9	18
9	10	19
10	11	20
11	12	21
12	13	22
13	14	23
14	15	24
15	16	25
16	17	26
17	18	27
18	19	28
19	20	29
20	21	30
21	22	31
22	23	32
23	24	33
24	25	34
25	26	35
26	27	36
27	28	37
28	29	38
29	30	39
30	31	40
31	32	41
32	33	42
33	34	43
34	35	44
35	36	45
36	37	46
37	38	47
38	39	48
39	40	49
40	41	50
41	42	51
42	43	52
43	44	53
44	45	54
45	46	55
46	47	56
47	48	57
48	49	58
!!
!!
!!beam #3: number of nodes (1), number of elements (2).
49 48
!!
!!
!!beam #3: nodal phi (1, 2, 3), nodal d1 (4, 5, 6), nodal d2 (7, 8, 9), nodal d3 (10, 11, 12). 
-5.149533	-1.297886	88.821966	0.949297	0.078332	-0.304466	0.302106	-0.495269	0.814519	-0.086990	-0.865201	-0.493822	
-5.166931	-1.470926	88.723202	0.949297	0.078332	-0.304466	0.300002	-0.515254	0.802815	-0.093991	-0.853450	-0.512629	
-5.260948	-2.324607	88.210434	0.949297	0.078332	-0.304466	0.304307	-0.472149	0.827329	-0.078947	-0.878032	-0.472046	
-5.339923	-3.202948	87.738222	0.949297	0.078332	-0.304466	0.305342	-0.460284	0.833610	-0.074843	-0.884309	-0.460864	
-5.414826	-4.087965	87.276989	0.949297	0.078332	-0.304466	0.303416	-0.481818	0.822065	-0.082303	-0.872763	-0.481155	
-5.497139	-4.960833	86.795777	0.949297	0.078332	-0.304466	0.302623	-0.490060	0.817472	-0.085173	-0.868162	-0.488918	
-5.582313	-5.829010	86.306850	0.949297	0.078332	-0.304466	0.303148	-0.484642	0.820502	-0.083286	-0.871198	-0.483816	
-5.665605	-6.700274	85.822998	0.949297	0.078332	-0.304466	0.302687	-0.489409	0.817838	-0.084946	-0.868529	-0.488304	
-5.750552	-7.568823	85.334683	0.949297	0.078332	-0.304466	0.303606	-0.479792	0.823178	-0.081599	-0.873878	-0.479247	
-5.832165	-8.442840	84.855360	0.949297	0.078332	-0.304466	0.302609	-0.490208	0.817389	-0.085224	-0.868079	-0.489056	
-5.917390	-9.310933	84.366295	0.949297	0.078332	-0.304466	0.306124	-0.450815	0.838483	-0.071578	-0.889174	-0.451937	
-5.989060	-10.201249	83.913778	0.949254	0.077905	-0.304709	0.307079	-0.438942	0.844412	-0.067966	-0.895132	-0.440591	
-6.057165	-11.098216	83.472284	0.949807	0.075687	-0.303542	0.306447	-0.420188	0.854127	-0.062898	-0.904275	-0.422292	
-6.120291	-12.005769	83.048461	0.951383	0.071343	-0.299633	0.294137	-0.499098	0.815098	-0.091395	-0.863604	-0.495818	
-6.211688	-12.869384	82.552637	0.954743	0.066144	-0.289985	0.279877	-0.529783	0.800624	-0.100673	-0.845550	-0.524318	
-6.312436	-13.715570	82.027924	0.957871	0.061281	-0.280585	0.272505	-0.502428	0.820553	-0.090690	-0.862445	-0.497960	
-6.403128	-14.578032	81.529954	0.960254	0.057891	-0.273058	0.264003	-0.506010	0.821131	-0.090634	-0.860583	-0.501182	
-6.493766	-15.438653	81.028751	0.961545	0.055536	-0.268975	0.259315	-0.506225	0.822491	-0.090484	-0.860611	-0.501160	
-6.674742	-17.159950	80.026388	0.964053	0.050781	-0.260811	0.249487	-0.510710	0.822758	-0.091419	-0.858252	-0.505021	
-6.857598	-18.876620	79.016248	0.966459	0.045919	-0.252681	0.241098	-0.501180	0.831078	-0.088476	-0.864124	-0.495442	
-7.034550	-20.604872	78.025362	0.968780	0.041026	-0.244503	0.231534	-0.502319	0.833107	-0.088640	-0.863708	-0.496136	
-7.211831	-22.332298	77.033085	0.971078	0.036159	-0.236010	0.220101	-0.518680	0.826152	-0.092540	-0.854204	-0.511637	
-7.396955	-24.041106	76.009571	0.973354	0.030873	-0.227219	0.212023	-0.498585	0.840512	-0.087339	-0.866291	-0.491845	
-7.571632	-25.773693	75.025878	0.975568	0.025636	-0.218197	0.200481	-0.510094	0.836428	-0.089858	-0.859736	-0.502771	
-7.751359	-27.493267	74.020276	0.977659	0.020322	-0.209212	0.191072	-0.500728	0.844253	-0.087601	-0.865366	-0.493424	
-7.926562	-29.224000	73.033428	0.979570	0.015152	-0.200534	0.181300	-0.498054	0.847982	-0.087028	-0.867014	-0.490625	
-8.100618	-30.958040	72.052171	0.981340	0.010118	-0.192014	0.171090	-0.501681	0.847965	-0.087750	-0.864994	-0.494051	
-8.276118	-32.688027	71.064069	0.983003	0.005041	-0.183519	0.161786	-0.496265	0.852963	-0.086774	-0.868156	-0.488646	
-8.449670	-34.424371	70.086760	0.984549	-0.000042	-0.175107	0.152475	-0.491516	0.857417	-0.086103	-0.870869	-0.483915	
-8.621888	-36.166223	69.118866	0.985980	-0.005203	-0.166782	0.144933	-0.468619	0.871430	-0.082691	-0.883385	-0.461295	
-8.787386	-37.934236	68.195627	0.987192	-0.009519	-0.159254	0.133568	-0.496588	0.857648	-0.087248	-0.867934	-0.488956	
-8.961885	-39.670132	67.217700	0.988210	-0.013177	-0.152535	0.123926	-0.516196	0.847458	-0.089905	-0.856369	-0.508477	
-9.141722	-41.383129	66.200593	0.989034	-0.016570	-0.146753	0.118894	-0.500132	0.857748	-0.087608	-0.865791	-0.492678	
-9.316939	-43.114712	65.215236	0.989821	-0.019889	-0.140922	0.111136	-0.510521	0.852653	-0.088902	-0.859636	-0.503114	
-9.494753	-44.834087	64.208948	0.990550	-0.023298	-0.135158	0.105897	-0.496314	0.861660	-0.087156	-0.867831	-0.489156	
-9.669067	-46.569773	63.230622	0.991238	-0.026722	-0.129356	0.099213	-0.495888	0.862700	-0.087200	-0.867975	-0.488892	
-9.843469	-48.305751	62.252822	0.991883	-0.030123	-0.123535	0.092305	-0.497616	0.862472	-0.087453	-0.866874	-0.490797	
-9.930922	-49.172630	61.762022	0.992215	-0.031557	-0.120471	0.081111	-0.570291	0.817429	-0.094499	-0.820837	-0.563292	
-10.025746	-49.996288	61.196795	0.992500	-0.033159	-0.117662	0.085880	-0.495848	0.864152	-0.086996	-0.867776	-0.489282	
-10.112744	-50.864076	60.707506	0.992749	-0.034644	-0.115105	0.082544	-0.499631	0.862296	-0.087384	-0.865545	-0.493149	
-10.156435	-51.296849	60.460932	0.992891	-0.035180	-0.113709	0.070208	-0.598335	0.798164	-0.096115	-0.800473	-0.591612	
-10.204828	-51.699873	60.163065	0.992993	-0.035668	-0.112665	0.079074	-0.507963	0.857742	-0.087824	-0.860640	-0.501583	
-10.248741	-52.130211	59.912264	0.993044	-0.035989	-0.112107	0.078424	-0.508026	0.857764	-0.087823	-0.860590	-0.501669	
-10.292655	-52.560524	59.661418	0.993097	-0.036314	-0.111532	0.077644	-0.509189	0.857145	-0.087917	-0.859888	-0.502854	
-10.336616	-52.990492	59.409977	0.993150	-0.036637	-0.110955	0.076257	-0.516248	0.853037	-0.088533	-0.855655	-0.509918	
-10.380890	-53.418395	59.154973	0.993205	-0.036958	-0.110357	0.074277	-0.528703	0.845551	-0.089596	-0.848002	-0.522365	
-10.425713	-53.842633	58.893645	0.993257	-0.037298	-0.109769	0.076489	-0.500681	0.862246	-0.087119	-0.864828	-0.494452	
-10.469273	-54.275047	58.646419	0.993309	-0.037635	-0.109180	0.075278	-0.505944	0.859275	-0.087578	-0.861745	-0.499726	
-10.495547	-54.533577	58.496498	0.993346	-0.037775	-0.108799	0.075479	-0.500000	0.862730	-0.086990	-0.865201	-0.493822	
!!
!!
!!beam #3: connectivities (1, 2), cross-section property (3).
1	2	59
2	3	60
3	4	61
4	5	62
5	6	63
6	7	64
7	8	65
8	9	66
9	10	67
10	11	68
11	12	69
12	13	70
13	14	71
14	15	72
15	16	73
16	17	74
17	18	75
18	19	76
19	20	77
20	21	78
21	22	79
22	23	80
23	24	81
24	25	82
25	26	83
26	27	84
27	28	85
28	29	86
29	30	87
30	31	88
31	32	89
32	33	90
33	34	91
34	35	92
35	36	93
36	37	94
37	38	95
38	39	96
39	40	97
40	41	98
41	42	99
42	43	100
43	44	101
44	45	102
45	46	103
46	47	104
47	48	105
48	49	106
!!
!!
!!beam #4: number of nodes (1), number of elements (2).
49 48
!!
!!
!!beam #4: nodal phi (1, 2, 3), nodal d1 (4, 5, 6), nodal d2 (7, 8, 9), nodal d3 (10, 11, 12). 
-5.149558	1.297720	88.821681	0.984045	0.151854	0.092710	0.155202	-0.477878	-0.864607	-0.086990	0.865201	-0.493822	
-5.166956	1.470761	88.722916	0.984045	0.151854	0.092710	0.153137	-0.457630	-0.875856	-0.090575	0.876080	-0.473583	
-5.257556	2.347077	88.249205	0.984045	0.151854	0.092710	0.157454	-0.500656	-0.851206	-0.082843	0.852223	-0.516578	
-5.340428	3.199600	87.732446	0.984045	0.151854	0.092710	0.158555	-0.512085	-0.844174	-0.080716	0.845405	-0.527992	
-5.421209	4.045682	87.204031	0.984045	0.151854	0.092710	0.156530	-0.491212	-0.856860	-0.084577	0.857701	-0.507145	
-5.505796	4.903485	86.696826	0.984045	0.151854	0.092710	0.155722	-0.483069	-0.861623	-0.086055	0.862314	-0.499009	
-5.591853	5.765814	86.197808	0.984045	0.151854	0.092710	0.156255	-0.488431	-0.858498	-0.085084	0.859288	-0.504367	
-5.676943	6.625166	85.693403	0.984045	0.151854	0.092710	0.155786	-0.483716	-0.861249	-0.085939	0.861951	-0.499655	
-5.762884	7.487137	85.193737	0.984045	0.151854	0.092710	0.156725	-0.493200	-0.855681	-0.084214	0.856559	-0.509131	
-5.847111	8.343832	84.684525	0.984045	0.151854	0.092710	0.155707	-0.482923	-0.861708	-0.086082	0.862396	-0.498862	
-5.933194	9.206242	84.185655	0.984045	0.151854	0.092710	0.159408	-0.521083	-0.838488	-0.079018	0.839889	-0.536976	
-6.012314	10.047210	83.647989	0.984002	0.152280	0.092467	0.160476	-0.532207	-0.831266	-0.077374	0.832807	-0.548130	
-6.089846	10.881724	83.098735	0.984230	0.152341	0.089911	0.160002	-0.549917	-0.819750	-0.075438	0.821209	-0.565620	
-6.165558	11.705909	82.531065	0.984951	0.151021	0.084047	0.146959	-0.475862	-0.867155	-0.090964	0.866457	-0.490895	
-6.256523	12.572378	82.040164	0.986623	0.145044	0.074410	0.132430	-0.446956	-0.884699	-0.095062	0.882719	-0.460185	
-6.351657	13.455761	81.579633	0.988124	0.139130	0.065215	0.124611	-0.477270	-0.869877	-0.089901	0.867673	-0.488939	
-6.441559	14.323450	81.090684	0.989244	0.134151	0.058303	0.115861	-0.475336	-0.872142	-0.089285	0.869517	-0.485766	
-6.530848	15.193005	80.604896	0.989811	0.131708	0.054107	0.111033	-0.476048	-0.872382	-0.089142	0.869501	-0.485821	
-6.709141	16.932082	79.633211	0.990869	0.126854	0.045689	0.100944	-0.473294	-0.875102	-0.089385	0.871723	-0.481777	
-6.887929	18.675697	78.669564	0.991822	0.122088	0.037209	0.092286	-0.484603	-0.869852	-0.088167	0.866172	-0.491907	
-7.064263	20.408046	77.685747	0.992682	0.117304	0.028690	0.082480	-0.485063	-0.870581	-0.088207	0.866576	-0.491188	
-7.240677	22.141207	76.703366	0.993479	0.112237	0.020042	0.070849	-0.470019	-0.879808	-0.089327	0.875491	-0.474906	
-7.419373	23.892600	75.753331	0.994186	0.107124	0.010890	0.062509	-0.491845	-0.868436	-0.087674	0.864067	-0.495682	
-7.594722	25.620740	74.761964	0.994804	0.101792	0.001675	0.050762	-0.481696	-0.874867	-0.088247	0.870406	-0.484361	
-7.771227	27.361655	73.793185	0.995300	0.096539	-0.007572	0.041148	-0.492420	-0.869384	-0.087658	0.864987	-0.494079	
-7.946544	29.091629	72.805027	0.995669	0.091493	-0.016521	0.031204	-0.496237	-0.867626	-0.087580	0.863353	-0.496942	
-8.121706	30.818347	71.811136	0.995929	0.086527	-0.025257	0.020838	-0.493638	-0.869418	-0.087696	0.865352	-0.493432	
-8.297098	32.549052	70.824273	0.996084	0.081610	-0.034005	0.011399	-0.499956	-0.865976	-0.087674	0.862197	-0.498928	
-8.472448	34.273477	69.826399	0.996133	0.076778	-0.042701	0.001972	-0.505470	-0.862842	-0.087832	0.859421	-0.503667	
-8.648123	35.992432	68.818999	0.996074	0.072069	-0.051408	-0.005581	-0.528439	-0.848953	-0.088349	0.845907	-0.525962	
-8.824945	37.685438	67.766334	0.995966	0.067641	-0.058968	-0.017133	-0.501706	-0.864868	-0.088085	0.862389	-0.498524	
-9.001117	39.410243	66.769272	0.995821	0.063596	-0.065540	-0.026818	-0.482383	-0.875550	-0.087296	0.873649	-0.478662	
-9.175736	41.157804	65.811804	0.995627	0.060241	-0.071399	-0.031920	-0.498913	-0.866064	-0.087795	0.864556	-0.494808	
-9.351326	42.886917	64.822186	0.995395	0.056811	-0.077214	-0.039711	-0.488738	-0.871527	-0.087250	0.870579	-0.484231	
-9.525836	44.628181	63.853666	0.995108	0.053488	-0.083067	-0.044990	-0.503216	-0.862988	-0.087960	0.862503	-0.498348	
-9.701758	46.353213	62.856955	0.994774	0.050143	-0.088945	-0.051701	-0.503822	-0.862259	-0.088049	0.862351	-0.498596	
-9.877858	48.077943	61.859748	0.994396	0.046773	-0.094807	-0.058631	-0.502239	-0.862739	-0.087968	0.863463	-0.496683	
-9.965827	48.941411	61.363062	0.994217	0.044821	-0.097584	-0.069317	-0.426197	-0.901971	-0.082017	0.903519	-0.420626	
-10.048126	49.848036	60.940991	0.994012	0.043177	-0.100376	-0.065068	-0.504088	-0.861198	-0.087782	0.862572	-0.498260	
-10.135909	50.710620	60.442724	0.993813	0.041695	-0.102939	-0.068410	-0.500344	-0.863120	-0.087493	0.864822	-0.494396	
-10.179655	51.143031	60.195526	0.993732	0.040747	-0.104102	-0.079703	-0.394732	-0.915333	-0.078390	0.917892	-0.389010	
-10.219123	51.605174	59.999666	0.993659	0.040084	-0.105046	-0.071877	-0.491987	-0.867631	-0.086459	0.869679	-0.485986	
-10.262355	52.040032	59.756663	0.993613	0.039758	-0.105602	-0.072527	-0.491926	-0.867611	-0.086443	0.869729	-0.485900	
-10.305578	52.474914	59.513703	0.993566	0.039421	-0.106171	-0.073305	-0.490751	-0.868211	-0.086329	0.870408	-0.484704	
-10.348745	52.910142	59.271337	0.993519	0.039081	-0.106739	-0.074674	-0.483573	-0.872113	-0.085699	0.874431	-0.477520	
-10.391602	53.347435	59.032535	0.993471	0.038721	-0.107315	-0.076596	-0.470737	-0.878942	-0.084550	0.881423	-0.464698	
-10.433901	53.788393	58.800056	0.993420	0.038380	-0.107902	-0.074469	-0.499318	-0.863212	-0.087008	0.865568	-0.493175	
-10.477405	54.221177	58.553469	0.993370	0.038036	-0.108487	-0.075676	-0.494032	-0.866144	-0.086541	0.868611	-0.487878	
-10.503368	54.481767	58.407102	0.993346	0.037775	-0.108799	-0.075479	-0.500000	-0.862730	-0.086990	0.865201	-0.493822	
!!
!!
!!beam #4: connectivities (1, 2), cross-section property (3).
1	2	107
2	3	108
3	4	109
4	5	110
5	6	111
6	7	112
7	8	113
8	9	114
9	10	115
10	11	116
11	12	117
12	13	118
13	14	119
14	15	120
15	16	121
16	17	122
17	18	123
18	19	124
19	20	125
20	21	126
21	22	127
22	23	128
23	24	129
24	25	130
25	26	131
26	27	132
27	28	133
28	29	134
29	30	135
30	31	136
31	32	137
32	33	138
33	34	139
34	35	140
35	36	141
36	37	142
37	38	143
38	39	144
39	40	145
40	41	146
41	42	147
42	43	148
43	44	149
44	45	150
45	46	151
46	47	152
47	48	153
48	49	154
!!
!!
!!cross-section property #1: row 1: EA, GA1, GA2, EI1, EI2, GIP, ES1, ES2, GS1, GS2, ES12; row 2: rhoA, rhoI1, rhoI2, rhoS1, rhoS2, rhoS12; row 3: alpha_s alpha_v
129000000000.000000	49615384615.384613	49615384615.384613	535000000000.000000	535000000000.000000	412000000000.000000	  0.000000	  0.000000	  0.000000	  0.000000	  0.000000
5232.430000	21647.500000	21647.500000	  0.000000	  0.000000	  0.000000
  0.00d0 0.00d0
!!
!!
!!cross-section property #2: row 1: EA, GA1, GA2, EI1, EI2, GIP, ES1, ES2, GS1, GS2, ES12; row 2: rhoA, rhoI1, rhoI2, rhoS1, rhoS2, rhoS12; row 3: alpha_s alpha_v
121000000000.000000	46538461538.461533	46538461538.461533	463000000000.000000	463000000000.000000	357000000000.000000	  0.000000	  0.000000	  0.000000	  0.000000	  0.000000
4885.760000	18751.300000	18751.300000	  0.000000	  0.000000	  0.000000
0.000000	  0.000000
!!
!!
!!cross-section property #3: row 1: EA, GA1, GA2, EI1, EI2, GIP, ES1, ES2, GS1, GS2, ES12; row 2: rhoA, rhoI1, rhoI2, rhoS1, rhoS2, rhoS12; row 3: alpha_s alpha_v
112000000000.000000	43076923076.923073	43076923076.923073	399000000000.000000	399000000000.000000	307000000000.000000	  0.000000	  0.000000	  0.000000	  0.000000	  0.000000
4550.870000	16155.300000	16155.300000	  0.000000	  0.000000	  0.000000
0.000000	  0.000000
!!
!!
!!cross-section property #4: row 1: EA, GA1, GA2, EI1, EI2, GIP, ES1, ES2, GS1, GS2, ES12; row 2: rhoA, rhoI1, rhoI2, rhoS1, rhoS2, rhoS12; row 3: alpha_s alpha_v
104000000000.000000	40000000000.000000	40000000000.000000	342000000000.000000	342000000000.000000	263000000000.000000	  0.000000	  0.000000	  0.000000	  0.000000	  0.000000
4227.750000	13838.100000	13838.100000	  0.000000	  0.000000	  0.000000
0.000000	  0.000000
!!
!!
!!cross-section property #5: row 1: EA, GA1, GA2, EI1, EI2, GIP, ES1, ES2, GS1, GS2, ES12; row 2: rhoA, rhoI1, rhoI2, rhoS1, rhoS2, rhoS12; row 3: alpha_s alpha_v
96800000000.000000	37230769230.769226	37230769230.769226	291000000000.000000	291000000000.000000	224000000000.000000	  0.000000	  0.000000	  0.000000	  0.000000	  0.000000
3916.410000	11779.000000	11779.000000	  0.000000	  0.000000	  0.000000
0.000000	  0.000000
!!
!!
!!cross-section property #6: row 1: EA, GA1, GA2, EI1, EI2, GIP, ES1, ES2, GS1, GS2, ES12; row 2: rhoA, rhoI1, rhoI2, rhoS1, rhoS2, rhoS12; row 3: alpha_s alpha_v
89400000000.000000	34384615384.615379	34384615384.615379	246000000000.000000	246000000000.000000	189000000000.000000	  0.000000	  0.000000	  0.000000	  0.000000	  0.000000
3616.830000	9958.200000	9958.200000	  0.000000	  0.000000	  0.000000
0.000000	  0.000000
!!
!!
!!cross-section property #7: row 1: EA, GA1, GA2, EI1, EI2, GIP, ES1, ES2, GS1, GS2, ES12; row 2: rhoA, rhoI1, rhoI2, rhoS1, rhoS2, rhoS12; row 3: alpha_s alpha_v
82300000000.000000	31653846153.846149	31653846153.846149	206000000000.000000	206000000000.000000	159000000000.000000	  0.000000	  0.000000	  0.000000	  0.000000	  0.000000
3329.030000	8356.600000	8356.600000	  0.000000	  0.000000	  0.000000
  0.00d0 0.00d0
!!
!!
!!cross-section property #8: row 1: EA, GA1, GA2, EI1, EI2, GIP, ES1, ES2, GS1, GS2, ES12; row 2: rhoA, rhoI1, rhoI2, rhoS1, rhoS2, rhoS12; row 3: alpha_s alpha_v
75400000000.000000	28999999999.999996	28999999999.999996	172000000000.000000	172000000000.000000	132000000000.000000	  0.000000	  0.000000	  0.000000	  0.000000	  0.000000
3053.010000	6955.900000	6955.900000	  0.000000	  0.000000	  0.000000
  0.00d0 0.00d0
!!
!!
!!cross-section property #9: row 1: EA, GA1, GA2, EI1, EI2, GIP, ES1, ES2, GS1, GS2, ES12; row 2: rhoA, rhoI1, rhoI2, rhoS1, rhoS2, rhoS12; row 3: alpha_s alpha_v
68900000000.000000	26499999999.999996	26499999999.999996	142000000000.000000	142000000000.000000	109000000000.000000	  0.000000	  0.000000	  0.000000	  0.000000	  0.000000
2788.750000	5738.600000	5738.600000	  0.000000	  0.000000	  0.000000
  0.00d0 0.00d0
!!
!!
!!cross-section property #10: row 1: EA, GA1, GA2, EI1, EI2, GIP, ES1, ES2, GS1, GS2, ES12; row 2: rhoA, rhoI1, rhoI2, rhoS1, rhoS2, rhoS12; row 3: alpha_s alpha_v
62700000000.000000	24115384615.384613	24115384615.384613	116000000000.000000	116000000000.000000	89100000000.000000	  0.000000	  0.000000	  0.000000	  0.000000	  0.000000
2536.270000	4688.000000	4688.000000	  0.000000	  0.000000	  0.000000
  0.00d0 0.00d0
!!
!!
!!cross-section property #11: row 1: EA, GA1, GA2, EI1, EI2, GIP, ES1, ES2, GS1, GS2, ES12; row 2: rhoA, rhoI1, rhoI2, rhoS1, rhoS2, rhoS12; row 3: alpha_s alpha_v
9730000000.000000	3742307692.307692	3742307692.307692	18100000000.000000	18100000000.000000	5560000000.000000	  0.000000	  0.000000	  0.000000	  0.000000	  0.000000
678.935000	973.040000	972.860000	  0.000000	  0.000000	  0.000000
  0.00d0 0.00d0
!!
!!
!!cross-section property #12: row 1: EA, GA1, GA2, EI1, EI2, GIP, ES1, ES2, GS1, GS2, ES12; row 2: rhoA, rhoI1, rhoI2, rhoS1, rhoS2, rhoS12; row 3: alpha_s alpha_v
10800000000.000000	4153846153.846153	4153846153.846153	19400000000.000000	19600000000.000000	5430000000.000000	  0.000000	  0.000000	  0.000000	  0.000000	  0.000000
773.363000	1066.380000	1091.520000	  0.000000	  0.000000	  0.000000
  0.00d0 0.00d0
!!
!!
!!cross-section property #13: row 1: EA, GA1, GA2, EI1, EI2, GIP, ES1, ES2, GS1, GS2, ES12; row 2: rhoA, rhoI1, rhoI2, rhoS1, rhoS2, rhoS12; row 3: alpha_s alpha_v
10100000000.000000	3884615384.615384	3884615384.615384	17500000000.000000	19500000000.000000	4990000000.000000	  0.000000	  0.000000	  0.000000	  0.000000	  0.000000
740.550000	1047.360000	966.090000	  0.000000	  0.000000	  0.000000
  0.00d0 0.00d0
!!
!!
!!cross-section property #14: row 1: EA, GA1, GA2, EI1, EI2, GIP, ES1, ES2, GS1, GS2, ES12; row 2: rhoA, rhoI1, rhoI2, rhoS1, rhoS2, rhoS12; row 3: alpha_s alpha_v
9870000000.000000	3796153846.153846	3796153846.153846	15300000000.000000	19800000000.000000	4670000000.000000	  0.000000	  0.000000	  0.000000	  0.000000	  0.000000
740.042000	1099.750000	873.810000	  0.000000	  0.000000	  0.000000
  0.00d0 0.00d0
!!
!!
!!cross-section property #15: row 1: EA, GA1, GA2, EI1, EI2, GIP, ES1, ES2, GS1, GS2, ES12; row 2: rhoA, rhoI1, rhoI2, rhoS1, rhoS2, rhoS12; row 3: alpha_s alpha_v
7610000000.000000	2926923076.923077	2926923076.923077	10800000000.000000	14900000000.000000	3470000000.000000	  0.000000	  0.000000	  0.000000	  0.000000	  0.000000
592.496000	873.020000	648.550000	  0.000000	  0.000000	  0.000000
  0.00d0 0.00d0
!!
!!
!!cross-section property #16: row 1: EA, GA1, GA2, EI1, EI2, GIP, ES1, ES2, GS1, GS2, ES12; row 2: rhoA, rhoI1, rhoI2, rhoS1, rhoS2, rhoS12; row 3: alpha_s alpha_v
5490000000.000000	2111538461.538461	2111538461.538461	7230000000.000000	10200000000.000000	2320000000.000000	  0.000000	  0.000000	  0.000000	  0.000000	  0.000000
450.275000	641.490000	456.760000	  0.000000	  0.000000	  0.000000
  0.00d0 0.00d0
!!
!!
!!cross-section property #17: row 1: EA, GA1, GA2, EI1, EI2, GIP, ES1, ES2, GS1, GS2, ES12; row 2: rhoA, rhoI1, rhoI2, rhoS1, rhoS2, rhoS12; row 3: alpha_s alpha_v
4970000000.000000	1911538461.538461	1911538461.538461	6310000000.000000	9140000000.000000	1910000000.000000	  0.000000	  0.000000	  0.000000	  0.000000	  0.000000
424.054000	593.730000	400.530000	  0.000000	  0.000000	  0.000000
  0.00d0 0.00d0
!!
!!
!!cross-section property #18: row 1: EA, GA1, GA2, EI1, EI2, GIP, ES1, ES2, GS1, GS2, ES12; row 2: rhoA, rhoI1, rhoI2, rhoS1, rhoS2, rhoS12; row 3: alpha_s alpha_v
4490000000.000000	1726923076.923077	1726923076.923077	5530000000.000000	8060000000.000000	1570000000.000000	  0.000000	  0.000000	  0.000000	  0.000000	  0.000000
400.638000	547.180000	351.610000	  0.000000	  0.000000	  0.000000
  0.00d0 0.00d0
!!
!!
!!cross-section property #19: row 1: EA, GA1, GA2, EI1, EI2, GIP, ES1, ES2, GS1, GS2, ES12; row 2: rhoA, rhoI1, rhoI2, rhoS1, rhoS2, rhoS12; row 3: alpha_s alpha_v
4030000000.000000	1550000000.000000	1550000000.000000	4980000000.000000	6880000000.000000	1160000000.000000	  0.000000	  0.000000	  0.000000	  0.000000	  0.000000
382.062000	490.840000	316.120000	  0.000000	  0.000000	  0.000000
  0.00d0 0.00d0
!!
!!
!!cross-section property #20: row 1: EA, GA1, GA2, EI1, EI2, GIP, ES1, ES2, GS1, GS2, ES12; row 2: rhoA, rhoI1, rhoI2, rhoS1, rhoS2, rhoS12; row 3: alpha_s alpha_v
4040000000.000000	1553846153.846154	1553846153.846154	4940000000.000000	7010000000.000000	1000000000.000000	  0.000000	  0.000000	  0.000000	  0.000000	  0.000000
399.655000	503.860000	303.600000	  0.000000	  0.000000	  0.000000
  0.00d0 0.00d0
!!
!!
!!cross-section property #21: row 1: EA, GA1, GA2, EI1, EI2, GIP, ES1, ES2, GS1, GS2, ES12; row 2: rhoA, rhoI1, rhoI2, rhoS1, rhoS2, rhoS12; row 3: alpha_s alpha_v
4170000000.000000	1603846153.846154	1603846153.846154	4690000000.000000	7170000000.000000	856000000.000000	  0.000000	  0.000000	  0.000000	  0.000000	  0.000000
426.321000	544.700000	289.240000	  0.000000	  0.000000	  0.000000
  0.00d0 0.00d0
!!
!!
!!cross-section property #22: row 1: EA, GA1, GA2, EI1, EI2, GIP, ES1, ES2, GS1, GS2, ES12; row 2: rhoA, rhoI1, rhoI2, rhoS1, rhoS2, rhoS12; row 3: alpha_s alpha_v
4080000000.000000	1569230769.230769	1569230769.230769	3950000000.000000	7270000000.000000	672000000.000000	  0.000000	  0.000000	  0.000000	  0.000000	  0.000000
416.820000	569.900000	246.570000	  0.000000	  0.000000	  0.000000
  0.00d0 0.00d0
!!
!!
!!cross-section property #23: row 1: EA, GA1, GA2, EI1, EI2, GIP, ES1, ES2, GS1, GS2, ES12; row 2: rhoA, rhoI1, rhoI2, rhoS1, rhoS2, rhoS12; row 3: alpha_s alpha_v
4090000000.000000	1573076923.076923	1573076923.076923	3390000000.000000	7080000000.000000	547000000.000000	  0.000000	  0.000000	  0.000000	  0.000000	  0.000000
406.186000	601.280000	215.910000	  0.000000	  0.000000	  0.000000
  0.00d0 0.00d0
!!
!!
!!cross-section property #24: row 1: EA, GA1, GA2, EI1, EI2, GIP, ES1, ES2, GS1, GS2, ES12; row 2: rhoA, rhoI1, rhoI2, rhoS1, rhoS2, rhoS12; row 3: alpha_s alpha_v
3670000000.000000	1411538461.538461	1411538461.538461	2930000000.000000	6240000000.000000	449000000.000000	  0.000000	  0.000000	  0.000000	  0.000000	  0.000000
381.420000	546.560000	187.110000	  0.000000	  0.000000	  0.000000
  0.00d0 0.00d0
!!
!!
!!cross-section property #25: row 1: EA, GA1, GA2, EI1, EI2, GIP, ES1, ES2, GS1, GS2, ES12; row 2: rhoA, rhoI1, rhoI2, rhoS1, rhoS2, rhoS12; row 3: alpha_s alpha_v
3150000000.000000	1211538461.538461	1211538461.538461	2570000000.000000	5050000000.000000	336000000.000000	  0.000000	  0.000000	  0.000000	  0.000000	  0.000000
352.822000	468.710000	160.840000	  0.000000	  0.000000	  0.000000
  0.00d0 0.00d0
!!
!!
!!cross-section property #26: row 1: EA, GA1, GA2, EI1, EI2, GIP, ES1, ES2, GS1, GS2, ES12; row 2: rhoA, rhoI1, rhoI2, rhoS1, rhoS2, rhoS12; row 3: alpha_s alpha_v
3010000000.000000	1157692307.692307	1157692307.692307	2390000000.000000	4950000000.000000	311000000.000000	  0.000000	  0.000000	  0.000000	  0.000000	  0.000000
349.477000	453.760000	148.560000	  0.000000	  0.000000	  0.000000
  0.00d0 0.00d0
!!
!!
!!cross-section property #27: row 1: EA, GA1, GA2, EI1, EI2, GIP, ES1, ES2, GS1, GS2, ES12; row 2: rhoA, rhoI1, rhoI2, rhoS1, rhoS2, rhoS12; row 3: alpha_s alpha_v
2880000000.000000	1107692307.692308	1107692307.692308	2270000000.000000	4810000000.000000	292000000.000000	  0.000000	  0.000000	  0.000000	  0.000000	  0.000000
346.538000	436.220000	140.300000	  0.000000	  0.000000	  0.000000
  0.00d0 0.00d0
!!
!!
!!cross-section property #28: row 1: EA, GA1, GA2, EI1, EI2, GIP, ES1, ES2, GS1, GS2, ES12; row 2: rhoA, rhoI1, rhoI2, rhoS1, rhoS2, rhoS12; row 3: alpha_s alpha_v
2610000000.000000	1003846153.846154	1003846153.846154	2050000000.000000	4500000000.000000	261000000.000000	  0.000000	  0.000000	  0.000000	  0.000000	  0.000000
339.333000	398.180000	124.610000	  0.000000	  0.000000	  0.000000
  0.00d0 0.00d0
!!
!!
!!cross-section property #29: row 1: EA, GA1, GA2, EI1, EI2, GIP, ES1, ES2, GS1, GS2, ES12; row 2: rhoA, rhoI1, rhoI2, rhoS1, rhoS2, rhoS12; row 3: alpha_s alpha_v
2360000000.000000	907692307.692308	907692307.692308	1830000000.000000	4240000000.000000	229000000.000000	  0.000000	  0.000000	  0.000000	  0.000000	  0.000000
330.004000	362.080000	109.420000	  0.000000	  0.000000	  0.000000
  0.00d0 0.00d0
!!
!!
!!cross-section property #30: row 1: EA, GA1, GA2, EI1, EI2, GIP, ES1, ES2, GS1, GS2, ES12; row 2: rhoA, rhoI1, rhoI2, rhoS1, rhoS2, rhoS12; row 3: alpha_s alpha_v
2150000000.000000	826923076.923077	826923076.923077	1590000000.000000	4000000000.000000	201000000.000000	  0.000000	  0.000000	  0.000000	  0.000000	  0.000000
321.990000	335.010000	 94.360000	  0.000000	  0.000000	  0.000000
  0.00d0 0.00d0
!!
!!
!!cross-section property #31: row 1: EA, GA1, GA2, EI1, EI2, GIP, ES1, ES2, GS1, GS2, ES12; row 2: rhoA, rhoI1, rhoI2, rhoS1, rhoS2, rhoS12; row 3: alpha_s alpha_v
1940000000.000000	746153846.153846	746153846.153846	1360000000.000000	3750000000.000000	174000000.000000	  0.000000	  0.000000	  0.000000	  0.000000	  0.000000
313.820000	308.570000	 80.240000	  0.000000	  0.000000	  0.000000
  0.00d0 0.00d0
!!
!!
!!cross-section property #32: row 1: EA, GA1, GA2, EI1, EI2, GIP, ES1, ES2, GS1, GS2, ES12; row 2: rhoA, rhoI1, rhoI2, rhoS1, rhoS2, rhoS12; row 3: alpha_s alpha_v
1630000000.000000	626923076.923077	626923076.923077	1100000000.000000	3450000000.000000	144000000.000000	  0.000000	  0.000000	  0.000000	  0.000000	  0.000000
294.734000	263.870000	 62.670000	  0.000000	  0.000000	  0.000000
  0.00d0 0.00d0
!!
!!
!!cross-section property #33: row 1: EA, GA1, GA2, EI1, EI2, GIP, ES1, ES2, GS1, GS2, ES12; row 2: rhoA, rhoI1, rhoI2, rhoS1, rhoS2, rhoS12; row 3: alpha_s alpha_v
1430000000.000000	550000000.000000	550000000.000000	876000000.000000	3140000000.000000	120000000.000000	  0.000000	  0.000000	  0.000000	  0.000000	  0.000000
287.120000	237.060000	 49.420000	  0.000000	  0.000000	  0.000000
  0.00d0 0.00d0
!!
!!
!!cross-section property #34: row 1: EA, GA1, GA2, EI1, EI2, GIP, ES1, ES2, GS1, GS2, ES12; row 2: rhoA, rhoI1, rhoI2, rhoS1, rhoS2, rhoS12; row 3: alpha_s alpha_v
1170000000.000000	450000000.000000	450000000.000000	681000000.000000	2730000000.000000	81200000.000000	  0.000000	  0.000000	  0.000000	  0.000000	  0.000000
263.343000	196.410000	 37.340000	  0.000000	  0.000000	  0.000000
  0.00d0 0.00d0
!!
!!
!!cross-section property #35: row 1: EA, GA1, GA2, EI1, EI2, GIP, ES1, ES2, GS1, GS2, ES12; row 2: rhoA, rhoI1, rhoI2, rhoS1, rhoS2, rhoS12; row 3: alpha_s alpha_v
1050000000.000000	403846153.846154	403846153.846154	535000000.000000	2550000000.000000	69100000.000000	  0.000000	  0.000000	  0.000000	  0.000000	  0.000000
253.207000	180.340000	 29.140000	  0.000000	  0.000000	  0.000000
  0.00d0 0.00d0
!!
!!
!!cross-section property #36: row 1: EA, GA1, GA2, EI1, EI2, GIP, ES1, ES2, GS1, GS2, ES12; row 2: rhoA, rhoI1, rhoI2, rhoS1, rhoS2, rhoS12; row 3: alpha_s alpha_v
923000000.000000	355000000.000000	355000000.000000	409000000.000000	2330000000.000000	57500000.000000	  0.000000	  0.000000	  0.000000	  0.000000	  0.000000
241.666000	162.430000	 22.160000	  0.000000	  0.000000	  0.000000
  0.00d0 0.00d0
!!
!!
!!cross-section property #37: row 1: EA, GA1, GA2, EI1, EI2, GIP, ES1, ES2, GS1, GS2, ES12; row 2: rhoA, rhoI1, rhoI2, rhoS1, rhoS2, rhoS12; row 3: alpha_s alpha_v
761000000.000000	292692307.692308	292692307.692308	315000000.000000	1830000000.000000	45900000.000000	  0.000000	  0.000000	  0.000000	  0.000000	  0.000000
220.638000	134.830000	 17.330000	  0.000000	  0.000000	  0.000000
  0.00d0 0.00d0
!!
!!
!!cross-section property #38: row 1: EA, GA1, GA2, EI1, EI2, GIP, ES1, ES2, GS1, GS2, ES12; row 2: rhoA, rhoI1, rhoI2, rhoS1, rhoS2, rhoS12; row 3: alpha_s alpha_v
648000000.000000	249230769.230769	249230769.230769	239000000.000000	1580000000.000000	36000000.000000	  0.000000	  0.000000	  0.000000	  0.000000	  0.000000
200.293000	116.300000	 13.300000	  0.000000	  0.000000	  0.000000
  0.00d0 0.00d0
!!
!!
!!cross-section property #39: row 1: EA, GA1, GA2, EI1, EI2, GIP, ES1, ES2, GS1, GS2, ES12; row 2: rhoA, rhoI1, rhoI2, rhoS1, rhoS2, rhoS12; row 3: alpha_s alpha_v
540000000.000000	207692307.692308	207692307.692308	176000000.000000	1320000000.000000	27400000.000000	  0.000000	  0.000000	  0.000000	  0.000000	  0.000000
179.404000	 97.980000	  9.960000	  0.000000	  0.000000	  0.000000
  0.00d0 0.00d0
!!
!!
!!cross-section property #40: row 1: EA, GA1, GA2, EI1, EI2, GIP, ES1, ES2, GS1, GS2, ES12; row 2: rhoA, rhoI1, rhoI2, rhoS1, rhoS2, rhoS12; row 3: alpha_s alpha_v
531000000.000000	204230769.230769	204230769.230769	126000000.000000	1180000000.000000	20900000.000000	  0.000000	  0.000000	  0.000000	  0.000000	  0.000000
165.094000	 98.930000	  7.300000	  0.000000	  0.000000	  0.000000
  0.00d0 0.00d0
!!
!!
!!cross-section property #41: row 1: EA, GA1, GA2, EI1, EI2, GIP, ES1, ES2, GS1, GS2, ES12; row 2: rhoA, rhoI1, rhoI2, rhoS1, rhoS2, rhoS12; row 3: alpha_s alpha_v
460000000.000000	176923076.923077	176923076.923077	107000000.000000	1020000000.000000	18500000.000000	  0.000000	  0.000000	  0.000000	  0.000000	  0.000000
154.411000	 85.780000	  6.220000	  0.000000	  0.000000	  0.000000
  0.00d0 0.00d0
!!
!!
!!cross-section property #42: row 1: EA, GA1, GA2, EI1, EI2, GIP, ES1, ES2, GS1, GS2, ES12; row 2: rhoA, rhoI1, rhoI2, rhoS1, rhoS2, rhoS12; row 3: alpha_s alpha_v
376000000.000000	144615384.615385	144615384.615385	90900000.000000	798000000.000000	16300000.000000	  0.000000	  0.000000	  0.000000	  0.000000	  0.000000
138.935000	 69.960000	  5.190000	  0.000000	  0.000000	  0.000000
  0.00d0 0.00d0
!!
!!
!!cross-section property #43: row 1: EA, GA1, GA2, EI1, EI2, GIP, ES1, ES2, GS1, GS2, ES12; row 2: rhoA, rhoI1, rhoI2, rhoS1, rhoS2, rhoS12; row 3: alpha_s alpha_v
329000000.000000	126538461.538462	126538461.538462	76300000.000000	710000000.000000	14500000.000000	  0.000000	  0.000000	  0.000000	  0.000000	  0.000000
129.555000	 61.410000	  4.360000	  0.000000	  0.000000	  0.000000
  0.00d0 0.00d0
!!
!!
!!cross-section property #44: row 1: EA, GA1, GA2, EI1, EI2, GIP, ES1, ES2, GS1, GS2, ES12; row 2: rhoA, rhoI1, rhoI2, rhoS1, rhoS2, rhoS12; row 3: alpha_s alpha_v
244000000.000000	93846153.846154	93846153.846154	61100000.000000	518000000.000000	9070000.000000	  0.000000	  0.000000	  0.000000	  0.000000	  0.000000
107.264000	 45.440000	  3.360000	  0.000000	  0.000000	  0.000000
  0.00d0 0.00d0
!!
!!
!!cross-section property #45: row 1: EA, GA1, GA2, EI1, EI2, GIP, ES1, ES2, GS1, GS2, ES12; row 2: rhoA, rhoI1, rhoI2, rhoS1, rhoS2, rhoS12; row 3: alpha_s alpha_v
